0.185
0.948
0.348
0.366
1.431
0.84
1.359
0.094
0.91
0.69
0.543
0.406
0.684
2.21
1.81
0.352
0.775
0.0
0.0
1.42
0.225
2.36
0.261
1.38
0.032
1.28
1.377
0.128
0.035
1.04
1.46
0.24
1.856
1.64
0.024
0.52
0.0
0.888
1.212
0.066
0.497
2.03
0.139
0.582
0.91
0.726
0.324
1.6
1.176
0.06
0.0
2.42
1.194
0.024
1.596
0.48
0.334
0.09
1.504
0.09
1.16
0.564
1.971
0.132
1.539
2.07
0.915
0.456
1.15
1.696
1.928
0.42
0.51
0.133
0.072
0.454
0.064
1.18
1.352
0.54
1.428
0.028
0.604
0.612
0.784
0.0
0.192
0.138
0.192
1.056
0.054
1.12
1.666
0.79
0.156
1.58
0.532
0.12
1.736
1.8
1.11
